#           x       -0.0625       -0.0454             0        0.0625        0.0454             0
#           y             0             0        0.0454             0             0       -0.0454
#           z             0             0             0             0             0             0
#        Time
         1533       11501.4       17078.9       12193.1       888.827       12851.1       12205.7
         1534       11500.5       17077.2       12194.5       888.838       12851.2       12204.7
         1535       11505.7       17081.7       12192.8       888.906       12851.6       12206.4
         1536       11515.2         17093       12189.2       889.024       12850.9         12211
         1537       11501.9       17076.4       12196.4        888.82       12851.9       12205.6
         1538       11485.4       17060.3       12198.1       888.987       12851.4       12201.9
         1539       11497.5       17074.2       12192.8       888.911       12850.8       12205.6
         1540       11511.5       17088.7       12191.3       888.785       12851.1       12208.2
         1541       11496.8       17071.2         12196       888.864       12851.5       12204.2
         1542       11492.4       17067.7       12195.6       888.856       12851.2       12203.8
         1543       11497.9       17074.2         12193       888.848         12851       12206.2
         1544       11504.5       17080.5       12193.4       888.842       12851.2       12206.2
         1545       11505.8       17081.4       12192.7       888.877       12851.3       12206.9
         1546       11495.6       17071.2       12194.7       888.941       12851.2       12204.9
         1547       11495.1       17070.7       12193.9       888.915       12851.2       12205.7
         1548         11513       17091.1       12194.3       888.897       12851.1       12205.1
         1549       11503.5       17079.8       12195.4       888.876       12851.2       12204.2
         1550       11491.2       17066.5       12192.6       888.895       12851.2       12206.8
         1551       11494.7       17068.6       12191.3       888.842         12851       12207.8
         1552       11498.7       17075.9       12194.9       888.839         12851       12204.2
         1553       11504.5       17080.6       12194.8        888.83         12851       12204.3
         1554       11505.1       17081.1       12193.9       888.842         12851       12205.7
         1555       11511.2       17092.6         12187       889.025       12851.3       12212.6
         1556       11500.3       17077.6       12198.9       889.034       12851.2       12200.7
         1557       11493.6       17066.2       12197.2       888.954         12851       12201.9
         1558       11494.7       17068.5       12189.3       888.789       12850.9       12209.6
         1559       11499.6         17077       12192.4        888.77       12850.8       12206.5
         1560       11501.3       17077.9       12195.8       888.866         12851       12203.4
         1561       11497.9       17070.7       12194.5       888.925         12851       12204.7
         1562       11497.7       17073.8       12191.6       888.988       12851.1       12207.8
         1563       11506.4       17084.9       12192.1       888.919       12850.9         12207
         1564         11512       17087.7       12196.1       888.872       12850.9       12202.8
         1565       11494.3       17067.4       12194.7       889.206       12851.6       12206.1
         1566       11504.4       17083.9       12197.6       888.971       12850.6       12200.8
         1567       11511.4       17091.1       12197.1       888.836       12850.6       12201.3
         1568       11504.5       17076.8       12186.3       888.925       12851.2       12212.9
         1569       11501.5       17079.8       12199.1       888.971       12850.9       12200.4
         1570       11495.9       17072.3       12196.2        888.97       12850.8       12202.9
         1571       11500.1       17073.5       12187.6        888.86       12850.8       12210.6
         1572       11495.1       17070.3       12192.8       888.874       12850.9       12206.1
         1573         11499       17075.1       12197.7       888.908       12850.8       12201.6
         1574       11504.6       17081.5       12194.9       888.933       12850.8       12203.9
         1575       11499.1       17074.3         12193       889.004         12851       12205.9
         1576         11500       17074.2       12191.1       888.957       12850.8       12207.6
         1577       11500.4       17076.9       12193.8       888.899       12850.6       12204.8
         1578       11501.7         17078       12194.8       888.883       12850.7       12204.1
         1579       11505.4       17081.8       12196.6       888.949       12850.9       12202.4
         1580         11497       17070.4         12192       889.013       12850.9       12206.8
         1581       11501.3       17076.8         12192       888.943       12850.6       12206.5
         1582         11507       17084.9       12193.2       888.942       12850.7       12205.5
         1583       11497.6       17072.3       12194.7       888.931       12850.7       12204.2
         1584       11495.2       17069.9       12194.4       888.958       12850.7       12204.3
         1585         11500       17075.8       12191.9       888.926       12850.6       12206.5
         1586       11500.6       17076.6       12193.5       888.947       12850.7       12205.1
         1587       11502.1       17077.3       12193.1       888.948       12850.6       12205.4
         1588       11498.7       17073.4       12195.6       888.973       12850.7       12203.2
         1589       11500.8       17076.6       12192.4       889.003       12850.7       12206.2
         1590       11500.2       17076.9       12193.2       888.944       12850.7       12205.5
         1591       11503.9       17080.1       12195.4        888.93       12850.5       12202.7
         1592       11498.8       17073.7       12194.3        888.98       12850.7       12204.4
         1593       11500.5       17076.1       12192.9       888.945       12850.6       12205.6
         1594       11499.7       17075.6       12193.5       888.973       12850.6         12205
         1595       11499.2       17074.9       12194.9       888.972       12850.5       12203.4
         1596       11500.5       17076.1       12193.1       888.958       12850.5       12205.1
         1597       11497.9       17073.4         12193       888.986       12850.6       12205.4
         1598       11500.4       17076.1       12194.7       888.964       12850.5       12203.7
         1599       11509.1       17086.2       12196.8       888.958       12850.4       12201.4
         1600       11498.2       17073.7         12192       888.982       12850.5       12206.3
         1601       11496.5       17070.4       12191.5       888.976       12850.5       12206.8
         1602       11501.5       17077.6       12195.2       888.964       12850.5         12203
         1603       11505.8       17083.7       12192.7       888.971       12850.4       12205.5
         1604       11496.9       17072.5       12192.6       888.978       12850.5       12205.6
         1605       11496.7       17071.3       12194.1       888.976       12850.4       12204.1
         1606       11506.4       17082.7       12194.1       888.975       12850.4         12204
         1607       11496.5       17072.4       12193.1       888.977       12850.4         12205
         1608       11502.3       17078.6       12194.9       888.979       12850.4       12203.2
         1609       11510.5       17087.9       12196.6        888.98       12850.4       12201.5
         1610       11499.7       17073.9       12192.3        888.98       12850.4       12205.7
         1611       11490.1       17065.8       12192.1        888.98       12850.4       12205.9
         1612       11508.4       17085.7       12191.5       888.982       12850.3       12206.5
         1613         11504       17080.1       12194.6       888.983       12850.3       12203.4
         1614       11493.3       17066.5       12195.2       888.982       12850.3       12202.8
         1615       11500.9       17076.9       12194.1       888.983       12850.3       12203.8
         1616       11500.9       17078.2       12192.9       888.982       12850.3         12205
         1617       11489.7         17062       12196.7       888.985       12850.3       12201.2
         1618         11506       17084.1         12194       888.987       12850.3       12203.8
         1619       11502.1       17080.3       12190.6       888.986       12850.3       12207.2
         1620       11503.5       17076.9       12195.2       888.987       12850.2       12202.6
         1621       11499.6       17075.5       12195.2       888.988       12850.2       12202.6
         1622       11498.7       17076.2       12191.5       888.989       12850.2       12206.3
         1623         11503       17078.4       12193.7       888.988       12850.2         12204
         1624       11494.1       17068.9       12194.8       888.989       12850.2       12202.9
         1625       11506.4       17083.7       12190.7       888.989       12850.2       12206.9
         1626       11508.8         17086       12193.5       888.991       12850.2       12204.1
         1627       11511.3         17088       12194.8       888.991       12850.2       12202.8
         1628         11494         17068       12192.8       888.988       12850.1       12204.8
         1629       11500.6       17078.9       12194.4       888.994       12850.1       12203.2
         1630         11498       17072.8       12194.8       888.992       12850.1       12202.8
         1631       11500.5       17075.8       12194.3       888.992       12850.1       12203.2
         1632       11498.4       17073.8       12193.7       888.993       12850.1       12203.8
         1633       11498.4       17075.3       12194.4       888.994       12850.1       12203.1
         1634         11499       17075.4       12193.5       888.994       12850.1         12204
         1635       11501.9       17077.4       12193.9       888.994       12850.1       12203.5
         1636         11495       17070.2       12193.1       888.994       12850.1       12204.3
         1637       11499.1       17074.1       12193.6       888.995       12850.1       12203.8
         1638       11500.9       17077.1       12194.1       888.995         12850       12203.3
         1639         11509       17085.3       12194.6       888.995         12850       12202.8
         1640       11502.3       17077.2       12193.7       888.996         12850       12203.7
         1641         11490       17066.1       12192.4       888.996         12850         12205
         1642       11501.8       17077.8       12193.1       888.996         12850       12204.2
         1643       11504.9       17079.5       12195.6       888.997         12850       12201.7
         1644       11501.5       17078.5       12192.8       888.996         12850       12204.5
         1645       11501.5       17075.8       12190.9       888.997         12850       12206.3
         1646       11497.1       17072.8       12195.8       888.997         12850       12201.5
         1647       11504.4       17082.8       12195.5       888.996       12849.9       12201.7
         1648       11497.7       17072.6       12192.3       888.997       12849.9       12204.9
         1649       11496.2       17070.8       12192.6       888.997       12849.9       12204.6
         1650       11504.3       17080.7         12194       888.996       12849.9       12203.2
         1651       11498.2       17074.1       12192.3       888.998       12849.9       12204.8
         1652       11487.9       17058.5       12195.7       888.998       12849.9       12201.4
         1653       11513.2       17094.9       12189.3       888.997       12849.9       12207.8
         1654       11489.7       17065.1       12195.4       888.998       12849.9       12201.6
         1655       11495.9       17069.9       12194.1       888.997       12849.9         12203
         1656       11501.4       17078.3       12193.1       888.997       12849.9       12203.9
         1657       11502.3       17076.3       12194.9       888.998       12849.8       12202.2
         1658       11504.6       17082.5         12194       888.997       12849.8         12203
         1659       11494.6       17066.5       12192.6       888.998       12849.8       12204.4
         1660         11504       17081.9       12191.5       888.996       12849.8       12205.5
         1661       11504.3       17082.1       12196.2       888.997       12849.8       12200.7
         1662       11494.3         17068       12193.2       888.997       12849.8       12203.7
         1663       11498.8       17073.6         12192       888.997       12849.8       12204.9
         1664       11507.2         17084       12191.5       888.997       12849.8       12205.3
         1665       11503.7         17081       12194.2       888.997       12849.8       12202.6
         1666       11496.1       17071.2       12194.9       888.997       12849.8         12202
         1667       11491.3       17065.3       12194.4       888.997       12849.7       12202.5
         1668       11496.5       17071.7         12192       888.996       12849.7       12204.8
         1669       11506.3       17083.9       12190.3       888.996       12849.7       12206.5
         1670       11502.4       17078.3       12193.6       888.996       12849.7       12203.1
         1671       11504.1       17079.7       12193.6       888.996       12849.7       12203.1
         1672       11502.6       17078.1       12194.3       888.996       12849.7       12202.5
         1673       11495.4       17069.9       12193.9       888.996       12849.7       12202.8
         1674         11496       17070.9       12193.6       888.996       12849.7       12203.1
         1675       11497.9       17074.1       12192.8       888.995       12849.7       12203.9
         1676       11498.6       17074.7       12192.6       888.995       12849.7       12204.1
         1677       11497.3       17072.9       12193.7       888.995       12849.7         12203
         1678       11496.4       17071.3         12195       888.995       12849.6       12201.7
         1679       11498.5       17074.2       12195.2       888.994       12849.6       12201.4
         1680       11513.9       17091.6         12194       888.994       12849.6       12202.6
         1681       11507.6       17084.7       12193.1       888.994       12849.6       12203.5
         1682         11493         17067       12192.3       888.994       12849.6       12204.3
         1683       11487.8       17061.4       12192.8       888.994       12849.6       12203.7
         1684       11491.3       17065.8       12194.5       888.993       12849.6         12202
         1685       11503.9       17080.9       12195.5       888.993       12849.6       12201.1
         1686       11507.6       17084.5       12194.1       888.993       12849.6       12202.5
         1687       11500.4       17075.9       12191.8       888.992       12849.6       12204.6
         1688       11491.7       17066.3       12191.4       888.992       12849.6       12205.1
         1689       11497.2       17073.5         12192       888.992       12849.6       12204.5
         1690       11503.6         17081       12193.1       888.992       12849.6       12203.4
         1691       11502.2       17077.6       12192.8       888.991       12849.6       12203.6
         1692         11484       17055.6       12189.9       888.991       12849.6       12206.5
         1693       11491.5       17066.8         12194        888.99       12849.5       12202.4
         1694       11512.9       17094.2       12197.9        888.99       12849.5       12198.5
         1695       11513.6       17093.2       12199.8        888.99       12849.5       12196.6
         1696       11504.6       17080.7       12194.4       888.989       12849.5         12202
         1697       11491.6       17064.7       12189.7       888.989       12849.5       12206.7
         1698       11492.1       17065.7       12189.1       888.989       12849.5       12207.3
         1699       11496.2       17072.4       12193.2       888.989       12849.5       12203.2
         1700       11500.1       17077.7       12196.7       888.988       12849.5       12199.6
         1701       11500.4       17076.7       12195.9       888.988       12849.5       12200.4
         1702       11497.4       17072.3       12193.1       888.988       12849.5       12203.2
         1703       11500.1       17075.1       12190.3       888.987       12849.5         12206
         1704         11501       17076.6       12186.5       888.987       12849.5       12209.7
         1705         11501       17077.3       12192.5       888.986       12849.5       12203.7
         1706       11497.6         17074       12198.1       888.986       12849.4       12198.2
         1707       11499.9       17076.6         12199       888.986       12849.4       12197.2
         1708       11500.7       17076.1         12195       888.986       12849.5       12201.2
         1709       11498.6       17074.1       12190.9       888.985       12849.5       12205.3
         1710       11498.8       17074.8       12191.1       888.985       12849.4       12205.1
         1711       11500.4       17076.7       12192.6       888.985       12849.4       12203.6
         1712       11488.7       17062.2       12197.3       888.984       12849.4         12199
         1713       11500.3       17075.4       12194.4       888.984       12849.4       12201.8
         1714       11504.3       17081.5       12190.8       888.983       12849.4       12205.4
         1715       11503.5       17080.8       12190.5       888.983       12849.4       12205.6
         1716         11498       17073.9       12192.9       888.983       12849.4       12203.3
         1717       11495.6       17070.4       12195.6       888.983       12849.4       12200.6
         1718       11497.2       17072.6       12195.4       888.983       12849.4       12200.7
         1719       11498.7       17074.2       12193.6       888.982       12849.4       12202.5
         1720         11500       17076.3       12192.9       888.982       12849.4       12203.2
         1721       11501.5       17077.7       12192.3       888.982       12849.4       12203.8
         1722       11504.8       17081.2         12194       888.981       12849.4       12202.1
         1723         11502       17077.5       12195.3       888.981       12849.4       12200.8
         1724       11495.5       17069.9       12194.2       888.981       12849.4       12201.9
         1725       11495.5       17070.8       12192.9        888.98       12849.4       12203.1
         1726       11498.3       17074.9       12192.2        888.98       12849.4       12203.9
         1727       11500.8       17077.4         12194       888.979       12849.4       12202.1
         1728       11506.8       17083.8       12192.2       888.979       12849.4       12203.8
         1729         11509       17086.2       12193.5       888.979       12849.4       12202.5
         1730       11504.8       17080.2       12195.5       888.978       12849.4       12200.5
         1731       11494.9       17068.4       12193.6       888.978       12849.4       12202.4
         1732       11489.1       17062.7       12192.3       888.978       12849.4       12203.7
         1733       11501.3       17079.1         12190       888.977       12849.4         12206
         1734       11505.6       17084.2       12191.7       888.977       12849.3       12204.3
         1735       11507.2       17083.7       12193.9       888.977       12849.3       12202.1
         1736       11495.5         17069       12195.6       888.977       12849.3       12200.4
         1737       11489.8       17062.7       12196.8       888.976       12849.3       12199.2
         1738       11493.1       17067.8       12194.8       888.976       12849.3       12201.2
