#           x       -0.0625       -0.0454             0        0.0625        0.0454             0
#           y             0             0        0.0454             0             0       -0.0454
#           z             0             0             0             0             0             0
#        Time
         1533        293.15        293.15       293.228       293.304       293.684       293.228
         1534        293.15        293.15       293.228       293.304       293.684       293.228
         1535        293.15        293.15       293.228       293.304       293.684       293.228
         1536        293.15        293.15       293.228       293.304       293.684       293.228
         1537        293.15        293.15       293.228       293.304       293.684       293.228
         1538        293.15        293.15       293.228       293.304       293.684       293.228
         1539        293.15        293.15       293.228       293.304       293.684       293.228
         1540        293.15        293.15       293.228       293.304       293.684       293.228
         1541        293.15        293.15       293.228       293.304       293.684       293.228
         1542        293.15        293.15       293.228       293.304       293.684       293.228
         1543        293.15        293.15       293.228       293.304       293.684       293.228
         1544        293.15        293.15       293.228       293.304       293.684       293.228
         1545        293.15        293.15       293.228       293.304       293.684       293.228
         1546        293.15        293.15       293.228       293.304       293.684       293.228
         1547        293.15        293.15       293.228       293.304       293.684       293.228
         1548        293.15        293.15       293.228       293.304       293.684       293.228
         1549        293.15        293.15       293.228       293.304       293.684       293.228
         1550        293.15        293.15       293.228       293.304       293.684       293.228
         1551        293.15        293.15       293.228       293.304       293.684       293.228
         1552        293.15        293.15       293.228       293.304       293.684       293.228
         1553        293.15        293.15       293.228       293.304       293.684       293.228
         1554        293.15        293.15       293.228       293.304       293.684       293.228
         1555        293.15        293.15       293.228       293.304       293.684       293.228
         1556        293.15        293.15       293.228       293.304       293.684       293.228
         1557        293.15        293.15       293.228       293.304       293.684       293.228
         1558        293.15        293.15       293.228       293.304       293.684       293.228
         1559        293.15        293.15       293.228       293.304       293.684       293.228
         1560        293.15        293.15       293.228       293.304       293.684       293.228
         1561        293.15        293.15       293.228       293.304       293.684       293.228
         1562        293.15        293.15       293.228       293.304       293.684       293.228
         1563        293.15        293.15       293.228       293.304       293.684       293.228
         1564        293.15        293.15       293.228       293.304       293.684       293.228
         1565        293.15        293.15       293.228       293.304       293.684       293.228
         1566        293.15        293.15       293.228       293.304       293.684       293.228
         1567        293.15        293.15       293.228       293.304       293.684       293.228
         1568        293.15        293.15       293.228       293.304       293.684       293.228
         1569        293.15        293.15       293.228       293.304       293.684       293.228
         1570        293.15        293.15       293.228       293.304       293.684       293.228
         1571        293.15        293.15       293.228       293.304       293.684       293.228
         1572        293.15        293.15       293.228       293.304       293.684       293.228
         1573        293.15        293.15       293.228       293.304       293.684       293.228
         1574        293.15        293.15       293.228       293.304       293.684       293.228
         1575        293.15        293.15       293.228       293.304       293.684       293.228
         1576        293.15        293.15       293.228       293.304       293.684       293.228
         1577        293.15        293.15       293.228       293.304       293.684       293.228
         1578        293.15        293.15       293.228       293.304       293.684       293.228
         1579        293.15        293.15       293.228       293.304       293.684       293.228
         1580        293.15        293.15       293.228       293.304       293.684       293.228
         1581        293.15        293.15       293.228       293.304       293.684       293.228
         1582        293.15        293.15       293.228       293.304       293.684       293.228
         1583        293.15        293.15       293.228       293.304       293.684       293.228
         1584        293.15        293.15       293.228       293.304       293.684       293.228
         1585        293.15        293.15       293.228       293.304       293.684       293.228
         1586        293.15        293.15       293.228       293.304       293.684       293.228
         1587        293.15        293.15       293.228       293.304       293.684       293.228
         1588        293.15        293.15       293.228       293.304       293.684       293.228
         1589        293.15        293.15       293.228       293.304       293.684       293.228
         1590        293.15        293.15       293.228       293.304       293.684       293.228
         1591        293.15        293.15       293.228       293.304       293.684       293.228
         1592        293.15        293.15       293.228       293.304       293.684       293.228
         1593        293.15        293.15       293.228       293.304       293.684       293.228
         1594        293.15        293.15       293.228       293.304       293.684       293.228
         1595        293.15        293.15       293.228       293.304       293.684       293.228
         1596        293.15        293.15       293.228       293.304       293.684       293.228
         1597        293.15        293.15       293.228       293.304       293.684       293.228
         1598        293.15        293.15       293.228       293.304       293.684       293.228
         1599        293.15        293.15       293.228       293.304       293.684       293.228
         1600        293.15        293.15       293.228       293.304       293.684       293.228
         1601        293.15        293.15       293.228       293.304       293.684       293.228
         1602        293.15        293.15       293.228       293.304       293.684       293.228
         1603        293.15        293.15       293.228       293.304       293.684       293.228
         1604        293.15        293.15       293.228       293.304       293.684       293.228
         1605        293.15        293.15       293.228       293.304       293.684       293.228
         1606        293.15        293.15       293.228       293.304       293.684       293.228
         1607        293.15        293.15       293.228       293.304       293.684       293.228
         1608        293.15        293.15       293.228       293.304       293.684       293.228
         1609        293.15        293.15       293.228       293.304       293.684       293.228
         1610        293.15        293.15       293.228       293.304       293.684       293.228
         1611        293.15        293.15       293.228       293.304       293.684       293.228
         1612        293.15        293.15       293.228       293.304       293.684       293.228
         1613        293.15        293.15       293.228       293.304       293.684       293.228
         1614        293.15        293.15       293.228       293.304       293.684       293.228
         1615        293.15        293.15       293.228       293.304       293.684       293.228
         1616        293.15        293.15       293.228       293.304       293.684       293.228
         1617        293.15        293.15       293.228       293.304       293.684       293.228
         1618        293.15        293.15       293.228       293.304       293.684       293.228
         1619        293.15        293.15       293.228       293.304       293.684       293.228
         1620        293.15        293.15       293.228       293.304       293.684       293.228
         1621        293.15        293.15       293.228       293.304       293.684       293.228
         1622        293.15        293.15       293.228       293.304       293.684       293.228
         1623        293.15        293.15       293.228       293.304       293.684       293.229
         1624        293.15        293.15       293.228       293.304       293.684       293.229
         1625        293.15        293.15       293.228       293.304       293.684       293.229
         1626        293.15        293.15       293.228       293.304       293.684       293.229
         1627        293.15        293.15       293.228       293.304       293.684       293.229
         1628        293.15        293.15       293.228       293.304       293.684       293.229
         1629        293.15        293.15       293.228       293.304       293.684       293.229
         1630        293.15        293.15       293.228       293.304       293.684       293.229
         1631        293.15        293.15       293.228       293.304       293.684       293.229
         1632        293.15        293.15       293.228       293.304       293.684       293.229
         1633        293.15        293.15       293.228       293.304       293.684       293.229
         1634        293.15        293.15       293.228       293.304       293.684       293.229
         1635        293.15        293.15       293.228       293.304       293.684       293.229
         1636        293.15        293.15       293.228       293.304       293.684       293.229
         1637        293.15        293.15       293.228       293.304       293.684       293.229
         1638        293.15        293.15       293.228       293.304       293.684       293.229
         1639        293.15        293.15       293.228       293.304       293.684       293.229
         1640        293.15        293.15       293.228       293.304       293.684       293.229
         1641        293.15        293.15       293.228       293.304       293.684       293.229
         1642        293.15        293.15       293.228       293.304       293.684       293.229
         1643        293.15        293.15       293.228       293.304       293.684       293.229
         1644        293.15        293.15       293.228       293.304       293.684       293.229
         1645        293.15        293.15       293.228       293.304       293.684       293.229
         1646        293.15        293.15       293.228       293.304       293.684       293.229
         1647        293.15        293.15       293.228       293.304       293.684       293.229
         1648        293.15        293.15       293.228       293.304       293.684       293.229
         1649        293.15        293.15       293.228       293.304       293.684       293.229
         1650        293.15        293.15       293.228       293.304       293.684       293.229
         1651        293.15        293.15       293.228       293.304       293.684       293.229
         1652        293.15        293.15       293.228       293.304       293.684       293.229
         1653        293.15        293.15       293.228       293.304       293.684       293.229
         1654        293.15        293.15       293.228       293.304       293.684       293.229
         1655        293.15        293.15       293.228       293.304       293.684       293.229
         1656        293.15        293.15       293.228       293.304       293.684       293.229
         1657        293.15        293.15       293.228       293.304       293.684       293.229
         1658        293.15        293.15       293.228       293.304       293.684       293.229
         1659        293.15        293.15       293.228       293.304       293.684       293.229
         1660        293.15        293.15       293.228       293.304       293.684       293.229
         1661        293.15        293.15       293.228       293.304       293.684       293.229
         1662        293.15        293.15       293.228       293.304       293.684       293.229
         1663        293.15        293.15       293.228       293.304       293.684       293.229
         1664        293.15        293.15       293.228       293.304       293.684       293.229
         1665        293.15        293.15       293.228       293.304       293.684       293.229
         1666        293.15        293.15       293.228       293.304       293.684       293.229
         1667        293.15        293.15       293.228       293.304       293.684       293.229
         1668        293.15        293.15       293.228       293.304       293.684       293.229
         1669        293.15        293.15       293.228       293.304       293.684       293.229
         1670        293.15        293.15       293.228       293.304       293.684       293.229
         1671        293.15        293.15       293.228       293.304       293.684       293.229
         1672        293.15        293.15       293.228       293.304       293.684       293.229
         1673        293.15        293.15       293.228       293.304       293.684       293.229
         1674        293.15        293.15       293.228       293.304       293.684       293.229
         1675        293.15        293.15       293.228       293.304       293.684       293.229
         1676        293.15        293.15       293.228       293.304       293.684       293.229
         1677        293.15        293.15       293.228       293.304       293.684       293.229
         1678        293.15        293.15       293.228       293.304       293.684       293.229
         1679        293.15        293.15       293.228       293.304       293.684       293.229
         1680        293.15        293.15       293.228       293.304       293.684       293.229
         1681        293.15        293.15       293.228       293.304       293.684       293.229
         1682        293.15        293.15       293.228       293.304       293.684       293.229
         1683        293.15        293.15       293.228       293.304       293.684       293.229
         1684        293.15        293.15       293.228       293.304       293.684       293.229
         1685        293.15        293.15       293.228       293.304       293.684       293.229
         1686        293.15        293.15       293.228       293.304       293.684       293.229
         1687        293.15        293.15       293.228       293.304       293.684       293.229
         1688        293.15        293.15       293.228       293.304       293.684       293.229
         1689        293.15        293.15       293.228       293.304       293.684       293.229
         1690        293.15        293.15       293.228       293.304       293.684       293.229
         1691        293.15        293.15       293.228       293.304       293.684       293.229
         1692        293.15        293.15       293.228       293.304       293.684       293.229
         1693        293.15        293.15       293.228       293.304       293.684       293.229
         1694        293.15        293.15       293.228       293.304       293.684       293.229
         1695        293.15        293.15       293.228       293.304       293.684       293.229
         1696        293.15        293.15       293.228       293.304       293.684       293.229
         1697        293.15        293.15       293.228       293.304       293.684       293.229
         1698        293.15        293.15       293.228       293.304       293.684       293.229
         1699        293.15        293.15       293.228       293.304       293.684       293.229
         1700        293.15        293.15       293.228       293.304       293.684       293.229
         1701        293.15        293.15       293.228       293.304       293.684       293.229
         1702        293.15        293.15       293.228       293.304       293.684       293.229
         1703        293.15        293.15       293.228       293.304       293.684       293.229
         1704        293.15        293.15       293.228       293.304       293.684       293.229
         1705        293.15        293.15       293.228       293.304       293.684       293.229
         1706        293.15        293.15       293.228       293.304       293.684       293.229
         1707        293.15        293.15       293.228       293.304       293.684       293.229
         1708        293.15        293.15       293.228       293.304       293.684       293.229
         1709        293.15        293.15       293.228       293.304       293.684       293.229
         1710        293.15        293.15       293.228       293.304       293.684       293.229
         1711        293.15        293.15       293.228       293.304       293.684       293.229
         1712        293.15        293.15       293.228       293.304       293.684       293.229
         1713        293.15        293.15       293.228       293.304       293.684       293.229
         1714        293.15        293.15       293.228       293.304       293.684       293.229
         1715        293.15        293.15       293.228       293.304       293.684       293.229
         1716        293.15        293.15       293.228       293.304       293.684       293.229
         1717        293.15        293.15       293.228       293.304       293.684       293.229
         1718        293.15        293.15       293.228       293.304       293.684       293.229
         1719        293.15        293.15       293.228       293.304       293.684       293.229
         1720        293.15        293.15       293.228       293.304       293.684       293.229
         1721        293.15        293.15       293.228       293.304       293.684       293.229
         1722        293.15        293.15       293.228       293.304       293.684       293.229
         1723        293.15        293.15       293.228       293.304       293.684       293.229
         1724        293.15        293.15       293.228       293.304       293.684       293.229
         1725        293.15        293.15       293.228       293.304       293.684       293.229
         1726        293.15        293.15       293.228       293.304       293.684       293.229
         1727        293.15        293.15       293.228       293.304       293.684       293.229
         1728        293.15        293.15       293.228       293.304       293.684       293.229
         1729        293.15        293.15       293.228       293.304       293.684       293.229
         1730        293.15        293.15       293.228       293.304       293.684       293.229
         1731        293.15        293.15       293.228       293.304       293.684       293.229
         1732        293.15        293.15       293.228       293.304       293.684       293.229
         1733        293.15        293.15       293.228       293.304       293.684       293.229
         1734        293.15        293.15       293.228       293.304       293.684       293.229
         1735        293.15        293.15       293.228       293.304       293.684       293.229
         1736        293.15        293.15       293.228       293.304       293.684       293.229
         1737        293.15        293.15       293.228       293.304       293.684       293.229
         1738        293.15        293.15       293.228       293.304       293.684       293.229
