#           x       -0.0625       -0.0454             0        0.0625        0.0454             0
#           y             0             0        0.0454             0             0       -0.0454
#           z             0             0             0             0             0             0
#        Time
         1533             (132.316 0.00537091 2.62107e-28)             (73.85 -5.0506 1.01027e-26)             (66.0371 1.82582 0)             (135.271 -0.0723097 -1.46413e-28)             (23.27 5.46714 1.35461e-26)             (65.7112 -1.81629 0)
         1534             (132.316 0.00536317 2.62302e-28)             (73.8503 -5.04999 1.01025e-26)             (66.037 1.82577 0)             (135.27 -0.0723007 -1.4646e-28)             (23.2701 5.46728 1.35459e-26)             (65.7114 -1.81625 0)
         1535             (132.316 0.00537268 2.62117e-28)             (73.8505 -5.05046 1.01029e-26)             (66.0359 1.82574 0)             (135.27 -0.0722851 -1.46545e-28)             (23.2702 5.46754 1.35461e-26)             (65.7117 -1.81632 0)
         1536             (132.316 0.00537403 2.62116e-28)             (73.8506 -5.05276 1.01023e-26)             (66.0356 1.82578 0)             (135.27 -0.0722841 -1.46514e-28)             (23.2704 5.46826 1.35461e-26)             (65.7121 -1.81652 0)
         1537             (132.316 0.00538673 2.62201e-28)             (73.8508 -5.05274 1.01037e-26)             (66.0358 1.82581 0)             (135.269 -0.0722941 -1.46528e-28)             (23.2707 5.46925 1.35463e-26)             (65.7125 -1.81663 0)
         1538             (132.316 0.00540108 2.62104e-28)             (73.8507 -5.05093 1.01037e-26)             (66.0363 1.82583 0)             (135.269 -0.0723075 -1.46519e-28)             (23.271 5.46918 1.35461e-26)             (65.7126 -1.81655 0)
         1539             (132.316 0.00540522 2.62122e-28)             (73.8505 -5.05169 1.01029e-26)             (66.036 1.82581 0)             (135.269 -0.0723184 -1.46479e-28)             (23.2711 5.46909 1.35459e-26)             (65.7126 -1.81653 0)
         1540             (132.316 0.00540072 2.62234e-28)             (73.8506 -5.05292 1.01026e-26)             (66.0352 1.82575 0)             (135.268 -0.0723263 -1.46477e-28)             (23.2713 5.46981 1.3546e-26)             (65.7129 -1.81661 0)
         1541             (132.316 0.00539427 2.62222e-28)             (73.8507 -5.05259 1.01034e-26)             (66.0346 1.8257 0)             (135.268 -0.0723329 -1.46544e-28)             (23.2715 5.47039 1.3546e-26)             (65.7132 -1.81664 0)
         1542             (132.316 0.00539011 2.62097e-28)             (73.8506 -5.05203 1.01035e-26)             (66.0344 1.82568 0)             (135.267 -0.0723402 -1.46514e-28)             (23.2716 5.4703 1.35459e-26)             (65.7132 -1.81659 0)
         1543             (132.316 0.00538941 2.6204e-28)             (73.8505 -5.05244 1.01036e-26)             (66.0343 1.82567 0)             (135.267 -0.0723468 -1.46463e-28)             (23.2718 5.4705 1.35459e-26)             (65.7132 -1.81659 0)
         1544             (132.316 0.00539048 2.62065e-28)             (73.8504 -5.05291 1.01028e-26)             (66.0341 1.82568 0)             (135.266 -0.0723522 -1.46485e-28)             (23.2719 5.47104 1.3546e-26)             (65.7135 -1.81663 0)
         1545             (132.316 0.0053912 2.62094e-28)             (73.8506 -5.05293 1.01026e-26)             (66.0339 1.8257 0)             (135.266 -0.0723569 -1.46533e-28)             (23.2721 5.47144 1.3546e-26)             (65.7139 -1.81666 0)
         1546             (132.316 0.00539147 2.62097e-28)             (73.8507 -5.05317 1.01035e-26)             (66.0337 1.82569 0)             (135.266 -0.072362 -1.46544e-28)             (23.2723 5.4718 1.3546e-26)             (65.7142 -1.81666 0)
         1547             (132.316 0.00539212 2.62096e-28)             (73.8506 -5.05333 1.01038e-26)             (66.0335 1.82566 0)             (135.265 -0.0723679 -1.46524e-28)             (23.2724 5.47204 1.3546e-26)             (65.7144 -1.81665 0)
         1548             (132.316 0.00539295 2.621e-28)             (73.8506 -5.05337 1.01017e-26)             (66.0333 1.82563 0)             (135.265 -0.0723744 -1.4649e-28)             (23.2726 5.47242 1.3546e-26)             (65.7146 -1.81667 0)
         1549             (132.316 0.00539312 2.62108e-28)             (73.8511 -5.05334 1.01027e-26)             (66.0331 1.82562 0)             (135.265 -0.0723808 -1.46536e-28)             (23.2728 5.47267 1.3546e-26)             (65.7146 -1.81667 0)
         1550             (132.316 0.00539279 2.62103e-28)             (73.851 -5.05343 1.01043e-26)             (66.0329 1.82561 0)             (135.264 -0.0723873 -1.4657e-28)             (23.2729 5.4729 1.3546e-26)             (65.7148 -1.81668 0)
         1551             (132.316 0.0053926 2.62101e-28)             (73.8505 -5.05416 1.01043e-26)             (66.0325 1.82561 0)             (135.264 -0.0723942 -1.46529e-28)             (23.2731 5.47349 1.3546e-26)             (65.7152 -1.81671 0)
         1552             (132.316 0.00539263 2.62106e-28)             (73.8501 -5.05467 1.01033e-26)             (66.0322 1.82561 0)             (135.263 -0.0724012 -1.46512e-28)             (23.2733 5.47399 1.3546e-26)             (65.7157 -1.81672 0)
         1553             (132.316 0.00539258 2.62109e-28)             (73.8502 -5.05416 1.01018e-26)             (66.0318 1.82562 0)             (135.263 -0.0724082 -1.46536e-28)             (23.2735 5.4741 1.3546e-26)             (65.7157 -1.8167 0)
         1554             (132.316 0.00539245 2.62109e-28)             (73.8507 -5.05429 1.01025e-26)             (66.0316 1.82562 0)             (135.263 -0.0724157 -1.46566e-28)             (23.2736 5.47442 1.3546e-26)             (65.7158 -1.81671 0)
         1555             (132.316 0.00539244 2.62109e-28)             (73.8508 -5.05574 1.01036e-26)             (66.0311 1.82561 0)             (135.262 -0.0724226 -1.46585e-28)             (23.2738 5.47511 1.3546e-26)             (65.7164 -1.81677 0)
         1556             (132.316 0.00539254 2.62107e-28)             (73.8506 -5.0564 1.01021e-26)             (66.0307 1.82559 0)             (135.262 -0.0724297 -1.46593e-28)             (23.2741 5.47598 1.35461e-26)             (65.7171 -1.81681 0)
         1557             (132.316 0.00539262 2.62106e-28)             (73.8509 -5.05499 1.01027e-26)             (66.0306 1.82561 0)             (135.261 -0.0724371 -1.46557e-28)             (23.2743 5.47551 1.3546e-26)             (65.7166 -1.81674 0)
         1558             (132.316 0.00539261 2.62107e-28)             (73.8509 -5.0551 1.01044e-26)             (66.0304 1.8256 0)             (135.261 -0.072444 -1.46529e-28)             (23.2745 5.47583 1.3546e-26)             (65.7166 -1.81674 0)
         1559             (132.316 0.00539264 2.621e-28)             (73.8505 -5.05633 1.01039e-26)             (66.0301 1.82559 0)             (135.261 -0.0724512 -1.46541e-28)             (23.2747 5.47683 1.35461e-26)             (65.7173 -1.81681 0)
         1560             (132.316 0.00539272 2.62112e-28)             (73.8503 -5.05651 1.01026e-26)             (66.0299 1.82559 0)             (135.26 -0.0724583 -1.46601e-28)             (23.2749 5.47705 1.3546e-26)             (65.7177 -1.81681 0)
         1561             (132.316 0.00539291 2.62104e-28)             (73.8505 -5.05637 1.01028e-26)             (66.0297 1.82559 0)             (135.26 -0.0724652 -1.46603e-28)             (23.2751 5.4771 1.3546e-26)             (65.7177 -1.81679 0)
         1562             (132.316 0.00539301 2.62107e-28)             (73.8506 -5.05686 1.01038e-26)             (66.0294 1.82557 0)             (135.26 -0.0724725 -1.4658e-28)             (23.2753 5.47758 1.3546e-26)             (65.7179 -1.8168 0)
         1563             (132.316 0.00539305 2.621e-28)             (73.8504 -5.05725 1.0103e-26)             (66.0291 1.82556 0)             (135.259 -0.0724797 -1.46557e-28)             (23.2755 5.47828 1.35461e-26)             (65.7184 -1.81685 0)
         1564             (132.316 0.00539299 2.62103e-28)             (73.8507 -5.05742 1.01013e-26)             (66.0289 1.82555 0)             (135.259 -0.0724868 -1.4656e-28)             (23.2757 5.47858 1.35461e-26)             (65.7187 -1.81685 0)
         1565             (132.316 0.0053929 2.62131e-28)             (73.8512 -5.05752 1.01042e-26)             (66.0288 1.82555 0)             (135.259 -0.0724939 -1.46644e-28)             (23.2759 5.47861 1.35461e-26)             (65.7187 -1.81683 0)
         1566             (132.316 0.00539303 2.62072e-28)             (73.8512 -5.05739 1.01022e-26)             (66.0286 1.82554 0)             (135.258 -0.072501 -1.46593e-28)             (23.2761 5.47894 1.3546e-26)             (65.7187 -1.81684 0)
         1567             (132.316 0.00539312 2.62095e-28)             (73.8517 -5.05646 1.01018e-26)             (66.0286 1.82556 0)             (135.258 -0.0725085 -1.4656e-28)             (23.2762 5.47874 1.3546e-26)             (65.7182 -1.81682 0)
         1568             (132.316 0.00539297 2.62134e-28)             (73.852 -5.0563 1.01036e-26)             (66.0284 1.82557 0)             (135.257 -0.0725159 -1.46624e-28)             (23.2762 5.47894 1.35461e-26)             (65.7184 -1.81685 0)
         1569             (132.316 0.00539276 2.62104e-28)             (73.8519 -5.05719 1.0103e-26)             (66.0281 1.82556 0)             (135.257 -0.0725233 -1.46619e-28)             (23.2764 5.47984 1.35461e-26)             (65.7192 -1.81691 0)
         1570             (132.316 0.00539277 2.62082e-28)             (73.8519 -5.0563 1.01035e-26)             (66.0282 1.82559 0)             (135.257 -0.0725306 -1.4661e-28)             (23.2765 5.47936 1.35461e-26)             (65.7189 -1.81686 0)
         1571             (132.316 0.00539294 2.62085e-28)             (73.8517 -5.0567 1.01035e-26)             (66.0281 1.82558 0)             (135.256 -0.0725378 -1.46563e-28)             (23.2766 5.47971 1.35461e-26)             (65.7191 -1.81687 0)
         1572             (132.316 0.0053929 2.62109e-28)             (73.8515 -5.05796 1.01042e-26)             (66.0276 1.82553 0)             (135.256 -0.0725457 -1.46614e-28)             (23.2768 5.48067 1.35461e-26)             (65.72 -1.81692 0)
         1573             (132.316 0.00539259 2.62118e-28)             (73.8513 -5.05795 1.01032e-26)             (66.0273 1.82551 0)             (135.256 -0.0725533 -1.46625e-28)             (23.277 5.48079 1.35461e-26)             (65.7202 -1.81691 0)
         1574             (132.316 0.00539236 2.62103e-28)             (73.8515 -5.05757 1.01023e-26)             (66.0271 1.82551 0)             (135.255 -0.0725611 -1.46606e-28)             (23.2771 5.4807 1.35461e-26)             (65.7199 -1.81689 0)
         1575             (132.316 0.00539226 2.62103e-28)             (73.8518 -5.05779 1.01033e-26)             (66.0269 1.82551 0)             (135.255 -0.0725688 -1.4663e-28)             (23.2772 5.48105 1.35461e-26)             (65.7199 -1.81692 0)
         1576             (132.316 0.00539223 2.62103e-28)             (73.8517 -5.05825 1.01038e-26)             (66.0266 1.82552 0)             (135.255 -0.0725764 -1.46611e-28)             (23.2774 5.48152 1.35461e-26)             (65.7204 -1.81695 0)
         1577             (132.316 0.00539214 2.62098e-28)             (73.8516 -5.05879 1.01037e-26)             (66.0263 1.82553 0)             (135.254 -0.0725846 -1.46604e-28)             (23.2776 5.482 1.35461e-26)             (65.721 -1.81696 0)
         1578             (132.316 0.00539201 2.62108e-28)             (73.8516 -5.05886 1.01031e-26)             (66.026 1.82554 0)             (135.254 -0.0725923 -1.4662e-28)             (23.2778 5.48221 1.35461e-26)             (65.7212 -1.81694 0)
         1579             (132.316 0.00539196 2.62104e-28)             (73.8518 -5.0589 1.01024e-26)             (66.0259 1.82553 0)             (135.254 -0.0726005 -1.46645e-28)             (23.2779 5.48239 1.35461e-26)             (65.7211 -1.81694 0)
         1580             (132.316 0.00539195 2.62103e-28)             (73.852 -5.05875 1.01039e-26)             (66.0258 1.82553 0)             (135.253 -0.0726085 -1.46645e-28)             (23.2781 5.48254 1.35461e-26)             (65.721 -1.81695 0)
         1581             (132.316 0.00539193 2.62101e-28)             (73.8518 -5.05926 1.01039e-26)             (66.0255 1.82551 0)             (135.253 -0.0726165 -1.46618e-28)             (23.2782 5.4831 1.35461e-26)             (65.7215 -1.81699 0)
         1582             (132.316 0.0053919 2.62103e-28)             (73.8517 -5.05984 1.01032e-26)             (66.0252 1.8255 0)             (135.253 -0.0726247 -1.4662e-28)             (23.2784 5.48353 1.35461e-26)             (65.722 -1.817 0)
         1583             (132.316 0.00539187 2.62106e-28)             (73.8518 -5.0601 1.01032e-26)             (66.025 1.82548 0)             (135.252 -0.0726328 -1.46645e-28)             (23.2786 5.48383 1.35461e-26)             (65.7222 -1.817 0)
         1584             (132.316 0.00539189 2.62102e-28)             (73.8518 -5.06018 1.01036e-26)             (66.0248 1.82548 0)             (135.252 -0.0726414 -1.46651e-28)             (23.2788 5.48406 1.35461e-26)             (65.7223 -1.817 0)
         1585             (132.316 0.00539194 2.62101e-28)             (73.8516 -5.06033 1.01039e-26)             (66.0245 1.82547 0)             (135.252 -0.0726496 -1.46628e-28)             (23.279 5.48441 1.35461e-26)             (65.7225 -1.81701 0)
         1586             (132.316 0.00539196 2.62104e-28)             (73.8515 -5.06079 1.01035e-26)             (66.0241 1.82546 0)             (135.251 -0.072658 -1.46635e-28)             (23.2792 5.48491 1.35461e-26)             (65.7229 -1.81703 0)
         1587             (132.316 0.00539198 2.62103e-28)             (73.8515 -5.06104 1.01031e-26)             (66.0238 1.82546 0)             (135.251 -0.0726664 -1.46643e-28)             (23.2794 5.48521 1.35461e-26)             (65.7232 -1.81704 0)
         1588             (132.316 0.005392 2.62103e-28)             (73.8516 -5.06127 1.01036e-26)             (66.0235 1.82547 0)             (135.251 -0.0726751 -1.46662e-28)             (23.2796 5.48554 1.35461e-26)             (65.7234 -1.81705 0)
         1589             (132.316 0.00539206 2.621e-28)             (73.8516 -5.0614 1.01037e-26)             (66.0232 1.82548 0)             (135.25 -0.0726837 -1.46647e-28)             (23.2798 5.48574 1.35461e-26)             (65.7234 -1.81705 0)
         1590             (132.316 0.0053921 2.62109e-28)             (73.8515 -5.06161 1.01036e-26)             (66.0229 1.82547 0)             (135.25 -0.0726923 -1.46648e-28)             (23.28 5.48627 1.35461e-26)             (65.7238 -1.81709 0)
         1591             (132.316 0.00539213 2.62098e-28)             (73.8515 -5.06154 1.01027e-26)             (66.0226 1.82548 0)             (135.25 -0.0727011 -1.46644e-28)             (23.2802 5.48652 1.35461e-26)             (65.724 -1.81709 0)
         1592             (132.316 0.0053921 2.62107e-28)             (73.8517 -5.06159 1.01034e-26)             (66.0225 1.82548 0)             (135.25 -0.0727098 -1.46668e-28)             (23.2803 5.48658 1.35461e-26)             (65.724 -1.81707 0)
         1593             (132.316 0.00539209 2.62103e-28)             (73.8517 -5.06193 1.01037e-26)             (66.0224 1.82548 0)             (135.249 -0.0727186 -1.46652e-28)             (23.2805 5.48693 1.35461e-26)             (65.7241 -1.81709 0)
         1594             (132.316 0.0053921 2.62103e-28)             (73.8516 -5.06209 1.01038e-26)             (66.0223 1.82547 0)             (135.249 -0.0727275 -1.46656e-28)             (23.2806 5.48733 1.35462e-26)             (65.7244 -1.81711 0)
         1595             (132.316 0.00539209 2.621e-28)             (73.8514 -5.06216 1.01033e-26)             (66.0222 1.82547 0)             (135.249 -0.0727364 -1.46663e-28)             (23.2808 5.48754 1.35461e-26)             (65.7246 -1.81711 0)
         1596             (132.316 0.0053921 2.621e-28)             (73.8515 -5.06231 1.01032e-26)             (66.0221 1.82546 0)             (135.248 -0.0727454 -1.46653e-28)             (23.2809 5.4877 1.35461e-26)             (65.7248 -1.81711 0)
         1597             (132.316 0.00539208 2.62105e-28)             (73.8515 -5.06263 1.01037e-26)             (66.0219 1.82544 0)             (135.248 -0.0727546 -1.46666e-28)             (23.2811 5.48814 1.35462e-26)             (65.725 -1.81713 0)
         1598             (132.316 0.00539206 2.62103e-28)             (73.8513 -5.06285 1.01033e-26)             (66.0217 1.82543 0)             (135.248 -0.0727637 -1.46672e-28)             (23.2813 5.48845 1.35462e-26)             (65.7253 -1.81714 0)
         1599             (132.316 0.00539202 2.62101e-28)             (73.8516 -5.06272 1.01021e-26)             (66.0215 1.82542 0)             (135.247 -0.0727726 -1.4666e-28)             (23.2814 5.48849 1.35461e-26)             (65.7252 -1.81713 0)
         1600             (132.316 0.00539198 2.62104e-28)             (73.8519 -5.06248 1.01037e-26)             (66.0213 1.82544 0)             (135.247 -0.0727821 -1.46663e-28)             (23.2815 5.48853 1.35461e-26)             (65.7252 -1.81713 0)
         1601             (132.316 0.00539194 2.62104e-28)             (73.8517 -5.06298 1.01039e-26)             (66.021 1.82544 0)             (135.247 -0.0727912 -1.46673e-28)             (23.2816 5.48913 1.35462e-26)             (65.7257 -1.81716 0)
         1602             (132.316 0.0053919 2.62102e-28)             (73.8516 -5.06336 1.01034e-26)             (66.0207 1.82543 0)             (135.247 -0.0728006 -1.46672e-28)             (23.2818 5.48953 1.35462e-26)             (65.726 -1.81718 0)
         1603             (132.316 0.00539187 2.62102e-28)             (73.8516 -5.06338 1.0103e-26)             (66.0204 1.82543 0)             (135.246 -0.0728097 -1.46671e-28)             (23.282 5.48963 1.35462e-26)             (65.7261 -1.81717 0)
         1604             (132.316 0.00539185 2.62103e-28)             (73.8516 -5.06382 1.01034e-26)             (66.02 1.82541 0)             (135.246 -0.0728192 -1.46673e-28)             (23.2821 5.4901 1.35462e-26)             (65.7265 -1.81719 0)
         1605             (132.316 0.00539182 2.62103e-28)             (73.8515 -5.06419 1.01035e-26)             (66.0198 1.82541 0)             (135.246 -0.0728286 -1.46676e-28)             (23.2823 5.49051 1.35462e-26)             (65.7268 -1.8172 0)
         1606             (132.316 0.00539178 2.62103e-28)             (73.8516 -5.06436 1.01029e-26)             (66.0197 1.82541 0)             (135.245 -0.0728382 -1.46677e-28)             (23.2825 5.49074 1.35462e-26)             (65.7269 -1.8172 0)
         1607             (132.316 0.00539175 2.62102e-28)             (73.8516 -5.06463 1.01038e-26)             (66.0194 1.82541 0)             (135.245 -0.0728475 -1.46677e-28)             (23.2827 5.49101 1.35462e-26)             (65.7271 -1.81721 0)
         1608             (132.316 0.00539173 2.62103e-28)             (73.8515 -5.06475 1.0103e-26)             (66.0192 1.8254 0)             (135.245 -0.072857 -1.46679e-28)             (23.2829 5.49134 1.35462e-26)             (65.7273 -1.81723 0)
         1609             (132.316 0.00539171 2.62103e-28)             (73.8518 -5.06443 1.01019e-26)             (66.0193 1.82541 0)             (135.245 -0.0728669 -1.46681e-28)             (23.283 5.49141 1.35462e-26)             (65.7272 -1.81722 0)
         1610             (132.316 0.0053917 2.62103e-28)             (73.8523 -5.06422 1.01032e-26)             (66.0193 1.82542 0)             (135.244 -0.0728763 -1.46681e-28)             (23.2831 5.49145 1.35462e-26)             (65.7272 -1.81722 0)
         1611             (132.316 0.00539169 2.62103e-28)             (73.8521 -5.06469 1.01049e-26)             (66.0189 1.82539 0)             (135.244 -0.0728859 -1.46682e-28)             (23.2833 5.49194 1.35462e-26)             (65.7276 -1.81725 0)
         1612             (132.316 0.00539168 2.62103e-28)             (73.8516 -5.06536 1.01028e-26)             (66.0184 1.82538 0)             (135.244 -0.0728956 -1.46684e-28)             (23.2834 5.49241 1.35462e-26)             (65.7281 -1.81726 0)
         1613             (132.316 0.00539169 2.62103e-28)             (73.8518 -5.06594 1.01026e-26)             (66.018 1.82537 0)             (135.243 -0.0729054 -1.46685e-28)             (23.2836 5.49285 1.35462e-26)             (65.7285 -1.81727 0)
         1614             (132.316 0.00539169 2.62103e-28)             (73.852 -5.06587 1.01035e-26)             (66.0179 1.82538 0)             (135.243 -0.0729151 -1.46685e-28)             (23.2838 5.49298 1.35462e-26)             (65.7285 -1.81727 0)
         1615             (132.316 0.0053917 2.62103e-28)             (73.852 -5.06587 1.01035e-26)             (66.0179 1.82538 0)             (135.243 -0.0729249 -1.46687e-28)             (23.284 5.49315 1.35462e-26)             (65.7285 -1.81727 0)
         1616             (132.316 0.00539171 2.62103e-28)             (73.8519 -5.06606 1.01037e-26)             (66.0177 1.82537 0)             (135.243 -0.0729346 -1.46686e-28)             (23.2841 5.49345 1.35462e-26)             (65.7287 -1.81729 0)
         1617             (132.316 0.00539172 2.62103e-28)             (73.8516 -5.06597 1.01041e-26)             (66.0176 1.82537 0)             (135.242 -0.0729447 -1.46689e-28)             (23.2843 5.49369 1.35462e-26)             (65.7288 -1.81729 0)
         1618             (132.316 0.00539174 2.62103e-28)             (73.8514 -5.06539 1.01028e-26)             (66.0177 1.82539 0)             (135.242 -0.0729545 -1.46691e-28)             (23.2844 5.49361 1.35462e-26)             (65.7287 -1.81728 0)
         1619             (132.316 0.00539176 2.62103e-28)             (73.8515 -5.06599 1.01032e-26)             (66.0174 1.82537 0)             (135.242 -0.0729642 -1.4669e-28)             (23.2845 5.49397 1.35462e-26)             (65.729 -1.8173 0)
         1620             (132.316 0.00539178 2.62103e-28)             (73.8516 -5.06687 1.01021e-26)             (66.0169 1.82535 0)             (135.242 -0.0729743 -1.46691e-28)             (23.2846 5.49448 1.35463e-26)             (65.7294 -1.81733 0)
         1621             (132.316 0.0053918 2.62103e-28)             (73.852 -5.06654 1.01035e-26)             (66.0169 1.82537 0)             (135.241 -0.0729844 -1.46692e-28)             (23.2848 5.49447 1.35462e-26)             (65.7294 -1.81731 0)
         1622             (132.316 0.00539182 2.62103e-28)             (73.8518 -5.06643 1.01041e-26)             (66.0168 1.82537 0)             (135.241 -0.0729941 -1.46694e-28)             (23.2849 5.49468 1.35462e-26)             (65.7295 -1.81732 0)
         1623             (132.316 0.00539184 2.62103e-28)             (73.8516 -5.06702 1.01024e-26)             (66.0164 1.82534 0)             (135.241 -0.0730039 -1.46693e-28)             (23.2851 5.49517 1.35463e-26)             (65.7299 -1.81735 0)
         1624             (132.316 0.00539186 2.62103e-28)             (73.8518 -5.06721 1.01037e-26)             (66.0162 1.82535 0)             (135.241 -0.0730143 -1.46693e-28)             (23.2852 5.49535 1.35462e-26)             (65.7301 -1.81734 0)
         1625             (132.316 0.00539188 2.62103e-28)             (73.8516 -5.06726 1.01032e-26)             (66.016 1.82535 0)             (135.24 -0.0730241 -1.46695e-28)             (23.2854 5.49562 1.35462e-26)             (65.7303 -1.81735 0)
         1626             (132.316 0.0053919 2.62103e-28)             (73.8518 -5.06794 1.01022e-26)             (66.0155 1.82532 0)             (135.24 -0.0730342 -1.46696e-28)             (23.2856 5.4962 1.35463e-26)             (65.7308 -1.81738 0)
         1627             (132.316 0.00539192 2.62103e-28)             (73.8523 -5.0681 1.01016e-26)             (66.0153 1.82533 0)             (135.24 -0.0730445 -1.46696e-28)             (23.2858 5.49641 1.35462e-26)             (65.7309 -1.81737 0)
         1628             (132.316 0.00539194 2.62103e-28)             (73.8527 -5.06802 1.01043e-26)             (66.0152 1.82533 0)             (135.24 -0.0730544 -1.46693e-28)             (23.2859 5.49663 1.35462e-26)             (65.731 -1.81737 0)
         1629             (132.316 0.00539196 2.62103e-28)             (73.8523 -5.06843 1.01039e-26)             (66.015 1.82531 0)             (135.239 -0.0730645 -1.46699e-28)             (23.2861 5.49699 1.35463e-26)             (65.7312 -1.81739 0)
         1630             (132.316 0.00539197 2.62103e-28)             (73.8521 -5.06834 1.01027e-26)             (66.0149 1.82532 0)             (135.239 -0.0730747 -1.46698e-28)             (23.2863 5.49714 1.35462e-26)             (65.7313 -1.81739 0)
         1631             (132.316 0.00539199 2.62103e-28)             (73.8522 -5.06812 1.0103e-26)             (66.0149 1.82532 0)             (135.239 -0.0730847 -1.46698e-28)             (23.2864 5.49728 1.35462e-26)             (65.7313 -1.81739 0)
         1632             (132.316 0.005392 2.62103e-28)             (73.8521 -5.06834 1.01044e-26)             (66.0147 1.82532 0)             (135.239 -0.0730951 -1.46699e-28)             (23.2865 5.49747 1.35463e-26)             (65.7314 -1.8174 0)
         1633             (132.316 0.00539201 2.62103e-28)             (73.8517 -5.06843 1.01031e-26)             (66.0146 1.82531 0)             (135.238 -0.0731051 -1.46699e-28)             (23.2866 5.49767 1.35463e-26)             (65.7316 -1.81741 0)
         1634             (132.316 0.00539203 2.62103e-28)             (73.8517 -5.06809 1.01028e-26)             (66.0144 1.82531 0)             (135.238 -0.0731154 -1.46699e-28)             (23.2867 5.49783 1.35463e-26)             (65.7317 -1.81741 0)
         1635             (132.316 0.00539203 2.62103e-28)             (73.8518 -5.06822 1.01027e-26)             (66.0143 1.82531 0)             (135.238 -0.0731255 -1.467e-28)             (23.2869 5.49807 1.35463e-26)             (65.7319 -1.81742 0)
         1636             (132.316 0.00539204 2.62103e-28)             (73.8518 -5.06847 1.01038e-26)             (66.0141 1.8253 0)             (135.238 -0.0731358 -1.467e-28)             (23.287 5.49828 1.35463e-26)             (65.7321 -1.81742 0)
         1637             (132.316 0.00539205 2.62103e-28)             (73.8515 -5.06874 1.01033e-26)             (66.0138 1.8253 0)             (135.238 -0.073146 -1.46701e-28)             (23.2871 5.49856 1.35463e-26)             (65.7323 -1.81744 0)
         1638             (132.316 0.00539206 2.62103e-28)             (73.8516 -5.06901 1.0103e-26)             (66.0136 1.82529 0)             (135.237 -0.0731561 -1.46701e-28)             (23.2872 5.49878 1.35463e-26)             (65.7325 -1.81744 0)
         1639             (132.316 0.00539206 2.62103e-28)             (73.8517 -5.06902 1.01026e-26)             (66.0135 1.82529 0)             (135.237 -0.0731666 -1.46701e-28)             (23.2873 5.49895 1.35463e-26)             (65.7325 -1.81744 0)
         1640             (132.316 0.00539206 2.62103e-28)             (73.8519 -5.06909 1.01023e-26)             (66.0134 1.82529 0)             (135.237 -0.0731767 -1.46701e-28)             (23.2875 5.49911 1.35462e-26)             (65.7326 -1.81745 0)
         1641             (132.316 0.00539207 2.62103e-28)             (73.852 -5.06938 1.01046e-26)             (66.0132 1.82528 0)             (135.237 -0.0731869 -1.46701e-28)             (23.2876 5.49939 1.35463e-26)             (65.7329 -1.81746 0)
         1642             (132.316 0.00539207 2.62103e-28)             (73.8516 -5.06992 1.0103e-26)             (66.0128 1.82527 0)             (135.236 -0.0731972 -1.46702e-28)             (23.2877 5.49976 1.35463e-26)             (65.7332 -1.81747 0)
         1643             (132.316 0.00539207 2.62103e-28)             (73.8517 -5.07013 1.01023e-26)             (66.0127 1.82528 0)             (135.236 -0.0732075 -1.46702e-28)             (23.2879 5.49997 1.35462e-26)             (65.7333 -1.81748 0)
         1644             (132.316 0.00539207 2.62103e-28)             (73.852 -5.07014 1.01034e-26)             (66.0127 1.82528 0)             (135.236 -0.0732178 -1.46701e-28)             (23.288 5.50007 1.35462e-26)             (65.7333 -1.81747 0)
         1645             (132.316 0.00539207 2.62103e-28)             (73.8519 -5.07056 1.0103e-26)             (66.0123 1.82526 0)             (135.236 -0.0732282 -1.46703e-28)             (23.2881 5.50052 1.35462e-26)             (65.7338 -1.8175 0)
         1646             (132.316 0.00539207 2.62103e-28)             (73.852 -5.07112 1.01038e-26)             (66.0119 1.82525 0)             (135.236 -0.0732384 -1.46702e-28)             (23.2883 5.50093 1.35463e-26)             (65.7341 -1.81751 0)
         1647             (132.316 0.00539207 2.62103e-28)             (73.8518 -5.07078 1.01026e-26)             (66.012 1.82527 0)             (135.235 -0.0732487 -1.46702e-28)             (23.2885 5.5009 1.35462e-26)             (65.734 -1.81749 0)
         1648             (132.316 0.00539207 2.62103e-28)             (73.8519 -5.07055 1.0103e-26)             (66.012 1.82526 0)             (135.235 -0.0732591 -1.46702e-28)             (23.2886 5.50108 1.35462e-26)             (65.734 -1.81751 0)
         1649             (132.316 0.00539206 2.62103e-28)             (73.8518 -5.07109 1.01039e-26)             (66.0116 1.82525 0)             (135.235 -0.0732693 -1.46703e-28)             (23.2887 5.5015 1.35462e-26)             (65.7344 -1.81752 0)
         1650             (132.316 0.00539206 2.62103e-28)             (73.8516 -5.07143 1.01031e-26)             (66.0113 1.82525 0)             (135.235 -0.0732795 -1.46702e-28)             (23.2889 5.50179 1.35462e-26)             (65.7346 -1.81753 0)
         1651             (132.316 0.00539206 2.62103e-28)             (73.8516 -5.07157 1.01032e-26)             (66.0111 1.82524 0)             (135.235 -0.0732901 -1.46703e-28)             (23.289 5.50205 1.35462e-26)             (65.7348 -1.81753 0)
         1652             (132.316 0.00539206 2.62103e-28)             (73.8514 -5.07188 1.01043e-26)             (66.0109 1.82523 0)             (135.234 -0.0733003 -1.46703e-28)             (23.2892 5.50238 1.35462e-26)             (65.735 -1.81755 0)
         1653             (132.316 0.00539205 2.62103e-28)             (73.8511 -5.07209 1.0103e-26)             (66.0107 1.82524 0)             (135.234 -0.0733106 -1.46702e-28)             (23.2893 5.50258 1.35462e-26)             (65.7352 -1.81754 0)
         1654             (132.316 0.00539205 2.62103e-28)             (73.851 -5.07318 1.01032e-26)             (66.0102 1.82521 0)             (135.234 -0.0733208 -1.46703e-28)             (23.2895 5.50321 1.35462e-26)             (65.7357 -1.81758 0)
         1655             (132.316 0.00539205 2.62103e-28)             (73.8509 -5.07315 1.01032e-26)             (66.0102 1.82523 0)             (135.234 -0.0733313 -1.46702e-28)             (23.2897 5.50324 1.35462e-26)             (65.7357 -1.81756 0)
         1656             (132.316 0.00539205 2.62103e-28)             (73.8508 -5.07329 1.01034e-26)             (66.01 1.82522 0)             (135.234 -0.0733417 -1.46702e-28)             (23.2899 5.50353 1.35462e-26)             (65.7358 -1.81757 0)
         1657             (132.316 0.00539204 2.62103e-28)             (73.8508 -5.07354 1.01023e-26)             (66.0099 1.82521 0)             (135.233 -0.0733518 -1.46702e-28)             (23.29 5.5038 1.35462e-26)             (65.736 -1.81758 0)
         1658             (132.316 0.00539204 2.62103e-28)             (73.8511 -5.07347 1.01028e-26)             (66.0098 1.82522 0)             (135.233 -0.0733624 -1.46702e-28)             (23.2902 5.5039 1.35462e-26)             (65.736 -1.81758 0)
         1659             (132.316 0.00539204 2.62103e-28)             (73.8512 -5.07357 1.01031e-26)             (66.0097 1.82521 0)             (135.233 -0.0733726 -1.46702e-28)             (23.2903 5.50415 1.35462e-26)             (65.7362 -1.81759 0)
         1660             (132.316 0.00539203 2.62103e-28)             (73.8512 -5.07418 1.01038e-26)             (66.0093 1.8252 0)             (135.233 -0.0733828 -1.46701e-28)             (23.2904 5.50456 1.35462e-26)             (65.7366 -1.8176 0)
         1661             (132.316 0.00539203 2.62103e-28)             (73.8511 -5.0744 1.01022e-26)             (66.009 1.82519 0)             (135.233 -0.0733933 -1.46702e-28)             (23.2906 5.50489 1.35462e-26)             (65.7368 -1.81761 0)
         1662             (132.316 0.00539203 2.62103e-28)             (73.8513 -5.07408 1.01029e-26)             (66.0091 1.82521 0)             (135.232 -0.0734035 -1.46702e-28)             (23.2907 5.5049 1.35462e-26)             (65.7367 -1.8176 0)
         1663             (132.316 0.00539203 2.62103e-28)             (73.8513 -5.07446 1.01032e-26)             (66.0088 1.82519 0)             (135.232 -0.0734139 -1.46701e-28)             (23.2909 5.50531 1.35462e-26)             (65.737 -1.81763 0)
         1664             (132.316 0.00539202 2.62103e-28)             (73.8513 -5.07498 1.0103e-26)             (66.0083 1.82516 0)             (135.232 -0.0734248 -1.46701e-28)             (23.291 5.50583 1.35462e-26)             (65.7374 -1.81765 0)
         1665             (132.316 0.00539202 2.62103e-28)             (73.8514 -5.07555 1.01032e-26)             (66.008 1.82515 0)             (135.232 -0.0734352 -1.46701e-28)             (23.2912 5.50626 1.35462e-26)             (65.7378 -1.81766 0)
         1666             (132.316 0.00539202 2.62103e-28)             (73.8513 -5.0756 1.01034e-26)             (66.0079 1.82518 0)             (135.232 -0.0734453 -1.46701e-28)             (23.2914 5.50632 1.35462e-26)             (65.7378 -1.81764 0)
         1667             (132.316 0.00539202 2.62103e-28)             (73.8511 -5.0755 1.01036e-26)             (66.0079 1.82519 0)             (135.231 -0.0734553 -1.467e-28)             (23.2916 5.50639 1.35462e-26)             (65.7378 -1.81764 0)
         1668             (132.316 0.00539202 2.62103e-28)             (73.8509 -5.07565 1.01033e-26)             (66.0078 1.82518 0)             (135.231 -0.0734656 -1.467e-28)             (23.2917 5.50666 1.35462e-26)             (65.738 -1.81765 0)
         1669             (132.316 0.00539202 2.62103e-28)             (73.8509 -5.07627 1.01027e-26)             (66.0073 1.82515 0)             (135.231 -0.0734761 -1.467e-28)             (23.2919 5.50727 1.35462e-26)             (65.7385 -1.81769 0)
         1670             (132.316 0.00539202 2.62103e-28)             (73.8509 -5.07695 1.01029e-26)             (66.0067 1.82512 0)             (135.231 -0.0734865 -1.467e-28)             (23.2921 5.50791 1.35462e-26)             (65.739 -1.81772 0)
         1671             (132.316 0.00539201 2.62103e-28)             (73.851 -5.07701 1.01025e-26)             (66.0066 1.82513 0)             (135.231 -0.0734967 -1.467e-28)             (23.2923 5.50807 1.35462e-26)             (65.7391 -1.8177 0)
         1672             (132.316 0.00539201 2.62103e-28)             (73.8513 -5.07705 1.01024e-26)             (66.0064 1.82514 0)             (135.231 -0.0735069 -1.46699e-28)             (23.2925 5.50828 1.35462e-26)             (65.7392 -1.81769 0)
         1673             (132.316 0.00539201 2.62103e-28)             (73.8515 -5.07709 1.01033e-26)             (66.0064 1.82515 0)             (135.23 -0.0735171 -1.46699e-28)             (23.2927 5.50845 1.35462e-26)             (65.7393 -1.81769 0)
         1674             (132.316 0.00539201 2.62103e-28)             (73.8514 -5.07728 1.01037e-26)             (66.0063 1.82514 0)             (135.23 -0.0735274 -1.46698e-28)             (23.2929 5.50872 1.35462e-26)             (65.7394 -1.81771 0)
         1675             (132.316 0.00539201 2.62103e-28)             (73.8512 -5.07773 1.01038e-26)             (66.006 1.82513 0)             (135.23 -0.0735378 -1.46698e-28)             (23.293 5.50904 1.35462e-26)             (65.7396 -1.81772 0)
         1676             (132.316 0.00539201 2.62103e-28)             (73.8509 -5.07822 1.01034e-26)             (66.0057 1.82511 0)             (135.23 -0.0735481 -1.46698e-28)             (23.2932 5.50943 1.35462e-26)             (65.7399 -1.81774 0)
         1677             (132.316 0.00539201 2.62103e-28)             (73.8508 -5.07853 1.01031e-26)             (66.0054 1.82511 0)             (135.23 -0.0735583 -1.46698e-28)             (23.2934 5.50976 1.35462e-26)             (65.7402 -1.81774 0)
         1678             (132.316 0.00539201 2.62103e-28)             (73.8508 -5.07844 1.01029e-26)             (66.0054 1.82512 0)             (135.23 -0.0735684 -1.46697e-28)             (23.2935 5.5099 1.35462e-26)             (65.7403 -1.81774 0)
         1679             (132.316 0.00539201 2.62103e-28)             (73.8509 -5.07816 1.01029e-26)             (66.0054 1.82513 0)             (135.229 -0.0735788 -1.46697e-28)             (23.2937 5.50991 1.35462e-26)             (65.7402 -1.81773 0)
         1680             (132.316 0.00539201 2.62103e-28)             (73.8511 -5.07801 1.01016e-26)             (66.0055 1.82513 0)             (135.229 -0.0735891 -1.46696e-28)             (23.2938 5.50998 1.35462e-26)             (65.7401 -1.81773 0)
         1681             (132.316 0.00539201 2.62103e-28)             (73.8517 -5.0781 1.01024e-26)             (66.0053 1.82512 0)             (135.229 -0.0735994 -1.46696e-28)             (23.2939 5.51024 1.35462e-26)             (65.7403 -1.81774 0)
         1682             (132.316 0.00539201 2.62103e-28)             (73.8517 -5.07843 1.01037e-26)             (66.005 1.8251 0)             (135.229 -0.0736095 -1.46696e-28)             (23.294 5.51058 1.35462e-26)             (65.7406 -1.81776 0)
         1683             (132.316 0.00539201 2.62103e-28)             (73.8513 -5.07894 1.01042e-26)             (66.0046 1.82509 0)             (135.229 -0.0736197 -1.46695e-28)             (23.2941 5.51097 1.35462e-26)             (65.7409 -1.81778 0)
         1684             (132.316 0.00539201 2.62103e-28)             (73.8509 -5.0793 1.01039e-26)             (66.0044 1.82509 0)             (135.229 -0.0736299 -1.46695e-28)             (23.2943 5.51119 1.35462e-26)             (65.7411 -1.81778 0)
         1685             (132.316 0.00539201 2.62103e-28)             (73.8508 -5.07924 1.01027e-26)             (66.0045 1.82511 0)             (135.228 -0.0736403 -1.46694e-28)             (23.2944 5.5112 1.35462e-26)             (65.7411 -1.81777 0)
         1686             (132.316 0.00539201 2.62103e-28)             (73.851 -5.07904 1.01022e-26)             (66.0045 1.82512 0)             (135.228 -0.0736506 -1.46694e-28)             (23.2945 5.51121 1.35462e-26)             (65.741 -1.81776 0)
         1687             (132.316 0.00539201 2.62103e-28)             (73.8513 -5.0792 1.01028e-26)             (66.0043 1.8251 0)             (135.228 -0.0736608 -1.46694e-28)             (23.2946 5.51151 1.35462e-26)             (65.7412 -1.81778 0)
         1688             (132.316 0.00539201 2.62103e-28)             (73.8512 -5.0798 1.01036e-26)             (66.0039 1.82507 0)             (135.228 -0.073671 -1.46693e-28)             (23.2948 5.51206 1.35462e-26)             (65.7417 -1.81781 0)
         1689             (132.316 0.00539201 2.62103e-28)             (73.8509 -5.08047 1.01032e-26)             (66.0034 1.82505 0)             (135.228 -0.0736812 -1.46693e-28)             (23.295 5.51257 1.35462e-26)             (65.7421 -1.81783 0)
         1690             (132.316 0.00539201 2.62103e-28)             (73.8509 -5.08092 1.01027e-26)             (66.003 1.82505 0)             (135.228 -0.0736913 -1.46692e-28)             (23.2952 5.51294 1.35463e-26)             (65.7425 -1.81783 0)
         1691             (132.316 0.00539201 2.62103e-28)             (73.8509 -5.08124 1.0103e-26)             (66.0027 1.82506 0)             (135.228 -0.0737017 -1.46692e-28)             (23.2954 5.51322 1.35462e-26)             (65.7427 -1.81783 0)
         1692             (132.316 0.00539201 2.62103e-28)             (73.8505 -5.08189 1.0105e-26)             (66.0023 1.82505 0)             (135.227 -0.073712 -1.46691e-28)             (23.2956 5.51369 1.35462e-26)             (65.7432 -1.81784 0)
         1693             (132.316 0.00539202 2.62103e-28)             (73.8498 -5.08273 1.01037e-26)             (66.0018 1.82502 0)             (135.227 -0.0737222 -1.46691e-28)             (23.2959 5.51441 1.35462e-26)             (65.7437 -1.81788 0)
         1694             (132.316 0.00539202 2.62103e-28)             (73.8498 -5.08222 1.01012e-26)             (66.0019 1.82503 0)             (135.227 -0.0737324 -1.4669e-28)             (23.2961 5.51445 1.35462e-26)             (65.7435 -1.81786 0)
         1695             (132.316 0.00539202 2.62103e-28)             (73.8506 -5.08072 1.01003e-26)             (66.0025 1.82508 0)             (135.227 -0.0737426 -1.4669e-28)             (23.2962 5.51398 1.35462e-26)             (65.7429 -1.81781 0)
         1696             (132.316 0.00539202 2.62103e-28)             (73.8515 -5.07962 1.01012e-26)             (66.0031 1.82511 0)             (135.227 -0.0737527 -1.4669e-28)             (23.2963 5.51354 1.35462e-26)             (65.7424 -1.81778 0)
         1697             (132.316 0.00539202 2.62103e-28)             (73.8518 -5.08026 1.01032e-26)             (66.0028 1.82508 0)             (135.227 -0.073763 -1.46689e-28)             (23.2963 5.51395 1.35462e-26)             (65.7427 -1.81783 0)
         1698             (132.316 0.00539202 2.62103e-28)             (73.8515 -5.08195 1.01041e-26)             (66.002 1.82501 0)             (135.227 -0.0737734 -1.46689e-28)             (23.2964 5.51482 1.35462e-26)             (65.7435 -1.81789 0)
         1699             (132.316 0.00539202 2.62103e-28)             (73.851 -5.08317 1.01041e-26)             (66.0013 1.82498 0)             (135.226 -0.0737836 -1.46688e-28)             (23.2966 5.51547 1.35463e-26)             (65.7441 -1.81792 0)
         1700             (132.316 0.00539202 2.62103e-28)             (73.8506 -5.08291 1.01032e-26)             (66.0012 1.82502 0)             (135.226 -0.0737937 -1.46688e-28)             (23.2967 5.51545 1.35463e-26)             (65.7442 -1.81789 0)
         1701             (132.316 0.00539202 2.62103e-28)             (73.8505 -5.0819 1.01022e-26)             (66.0015 1.82506 0)             (135.226 -0.0738039 -1.46687e-28)             (23.2969 5.51515 1.35463e-26)             (65.7439 -1.81784 0)
         1702             (132.316 0.00539202 2.62103e-28)             (73.8508 -5.08149 1.0102e-26)             (66.0016 1.82507 0)             (135.226 -0.0738142 -1.46687e-28)             (23.297 5.51521 1.35462e-26)             (65.7438 -1.81785 0)
         1703             (132.316 0.00539202 2.62103e-28)             (73.851 -5.08218 1.01021e-26)             (66.0012 1.82502 0)             (135.226 -0.0738244 -1.46686e-28)             (23.2971 5.51574 1.35462e-26)             (65.7442 -1.81789 0)
         1704             (132.316 0.00539202 2.62103e-28)             (73.8512 -5.08369 1.01031e-26)             (66.0003 1.82497 0)             (135.226 -0.0738347 -1.46686e-28)             (23.2973 5.51666 1.35462e-26)             (65.7451 -1.81794 0)
         1705             (132.316 0.00539202 2.62103e-28)             (73.851 -5.08533 1.01031e-26)             (65.9993 1.82492 0)             (135.226 -0.073845 -1.46686e-28)             (23.2976 5.51771 1.35463e-26)             (65.746 -1.81799 0)
         1706             (132.316 0.00539202 2.62103e-28)             (73.851 -5.0853 1.0103e-26)             (65.9993 1.82497 0)             (135.225 -0.0738551 -1.46685e-28)             (23.2978 5.51772 1.35463e-26)             (65.746 -1.81795 0)
         1707             (132.316 0.00539202 2.62103e-28)             (73.851 -5.0839 1.01023e-26)             (65.9999 1.82504 0)             (135.225 -0.0738653 -1.46685e-28)             (23.298 5.51719 1.35463e-26)             (65.7454 -1.81789 0)
         1708             (132.316 0.00539202 2.62103e-28)             (73.8512 -5.08278 1.0102e-26)             (66.0004 1.82506 0)             (135.225 -0.0738756 -1.46684e-28)             (23.2981 5.51687 1.35462e-26)             (65.7449 -1.81787 0)
         1709             (132.316 0.00539202 2.62103e-28)             (73.8515 -5.08307 1.01027e-26)             (66.0003 1.82502 0)             (135.225 -0.0738858 -1.46684e-28)             (23.2982 5.51727 1.35462e-26)             (65.7451 -1.81791 0)
         1710             (132.316 0.00539202 2.62103e-28)             (73.8514 -5.08411 1.0103e-26)             (65.9997 1.82496 0)             (135.225 -0.073896 -1.46683e-28)             (23.2983 5.51802 1.35462e-26)             (65.7456 -1.81797 0)
         1711             (132.316 0.00539202 2.62103e-28)             (73.8513 -5.08474 1.01029e-26)             (65.9992 1.82494 0)             (135.225 -0.0739064 -1.46683e-28)             (23.2985 5.5185 1.35463e-26)             (65.7461 -1.81798 0)
         1712             (132.316 0.00539202 2.62103e-28)             (73.8511 -5.0846 1.01035e-26)             (65.999 1.82497 0)             (135.225 -0.0739165 -1.46682e-28)             (23.2986 5.51857 1.35463e-26)             (65.7462 -1.81796 0)
         1713             (132.316 0.00539202 2.62103e-28)             (73.8509 -5.08399 1.01024e-26)             (65.9993 1.82502 0)             (135.225 -0.0739268 -1.46682e-28)             (23.2987 5.51822 1.35462e-26)             (65.7459 -1.81791 0)
         1714             (132.316 0.00539202 2.62103e-28)             (73.8512 -5.08428 1.01024e-26)             (65.9991 1.825 0)             (135.224 -0.073937 -1.46681e-28)             (23.2989 5.51854 1.35462e-26)             (65.7462 -1.81794 0)
         1715             (132.316 0.00539202 2.62103e-28)             (73.8513 -5.08532 1.01026e-26)             (65.9985 1.82495 0)             (135.224 -0.0739473 -1.46681e-28)             (23.299 5.51932 1.35462e-26)             (65.7468 -1.81799 0)
         1716             (132.316 0.00539202 2.62103e-28)             (73.8513 -5.0861 1.01028e-26)             (65.998 1.82491 0)             (135.224 -0.0739576 -1.4668e-28)             (23.2992 5.51996 1.35462e-26)             (65.7473 -1.81802 0)
         1717             (132.316 0.00539202 2.62103e-28)             (73.8513 -5.08618 1.01028e-26)             (65.9978 1.82493 0)             (135.224 -0.0739678 -1.4668e-28)             (23.2994 5.52014 1.35463e-26)             (65.7474 -1.81801 0)
         1718             (132.316 0.00539202 2.62103e-28)             (73.8513 -5.08584 1.01028e-26)             (65.9979 1.82497 0)             (135.224 -0.073978 -1.4668e-28)             (23.2996 5.52002 1.35462e-26)             (65.7473 -1.81797 0)
         1719             (132.316 0.00539202 2.62103e-28)             (73.8513 -5.08569 1.01028e-26)             (65.998 1.82498 0)             (135.224 -0.0739883 -1.46679e-28)             (23.2997 5.52008 1.35462e-26)             (65.7472 -1.81797 0)
         1720             (132.316 0.00539202 2.62103e-28)             (73.8513 -5.08596 1.01028e-26)             (65.9979 1.82496 0)             (135.224 -0.0739986 -1.46679e-28)             (23.2999 5.52044 1.35462e-26)             (65.7474 -1.81799 0)
         1721             (132.316 0.00539202 2.62103e-28)             (73.8513 -5.08638 1.01026e-26)             (65.9975 1.82493 0)             (135.224 -0.0740089 -1.46678e-28)             (23.3 5.52088 1.35462e-26)             (65.7477 -1.81802 0)
         1722             (132.316 0.00539202 2.62103e-28)             (73.8514 -5.08665 1.01021e-26)             (65.9972 1.82491 0)             (135.224 -0.0740191 -1.46678e-28)             (23.3002 5.52127 1.35462e-26)             (65.748 -1.81803 0)
         1723             (132.316 0.00539202 2.62103e-28)             (73.8517 -5.08645 1.01023e-26)             (65.9972 1.82493 0)             (135.223 -0.0740293 -1.46677e-28)             (23.3003 5.52135 1.35462e-26)             (65.748 -1.81802 0)
         1724             (132.316 0.00539202 2.62103e-28)             (73.8518 -5.08613 1.0103e-26)             (65.9972 1.82495 0)             (135.223 -0.0740396 -1.46677e-28)             (23.3004 5.52133 1.35462e-26)             (65.748 -1.818 0)
         1725             (132.316 0.00539202 2.62103e-28)             (73.8517 -5.08639 1.01033e-26)             (65.9971 1.82494 0)             (135.223 -0.0740499 -1.46676e-28)             (23.3006 5.52156 1.35462e-26)             (65.7481 -1.81801 0)
         1726             (132.316 0.00539202 2.62103e-28)             (73.8515 -5.08701 1.01032e-26)             (65.9968 1.82492 0)             (135.223 -0.0740602 -1.46676e-28)             (23.3007 5.52197 1.35462e-26)             (65.7484 -1.81804 0)
         1727             (132.316 0.00539202 2.62103e-28)             (73.8514 -5.08745 1.01028e-26)             (65.9965 1.8249 0)             (135.223 -0.0740705 -1.46676e-28)             (23.3008 5.52239 1.35462e-26)             (65.7487 -1.81806 0)
         1728             (132.316 0.00539202 2.62103e-28)             (73.8514 -5.0875 1.01021e-26)             (65.9963 1.8249 0)             (135.223 -0.0740807 -1.46675e-28)             (23.301 5.5226 1.35462e-26)             (65.7489 -1.81805 0)
         1729             (132.316 0.00539202 2.62103e-28)             (73.8517 -5.08771 1.01016e-26)             (65.996 1.8249 0)             (135.223 -0.074091 -1.46675e-28)             (23.3012 5.52299 1.35462e-26)             (65.7492 -1.81806 0)
         1730             (132.316 0.00539202 2.62103e-28)             (73.8522 -5.08768 1.01015e-26)             (65.9959 1.82491 0)             (135.223 -0.0741012 -1.46674e-28)             (23.3013 5.52315 1.35462e-26)             (65.7493 -1.81806 0)
         1731             (132.316 0.00539202 2.62103e-28)             (73.8526 -5.08744 1.01029e-26)             (65.9959 1.82492 0)             (135.223 -0.0741115 -1.46674e-28)             (23.3015 5.52318 1.35462e-26)             (65.7492 -1.81805 0)
         1732             (132.316 0.00539202 2.62103e-28)             (73.8525 -5.08755 1.01044e-26)             (65.9957 1.8249 0)             (135.222 -0.0741218 -1.46674e-28)             (23.3016 5.52354 1.35462e-26)             (65.7494 -1.81807 0)
         1733             (132.316 0.00539202 2.62103e-28)             (73.8519 -5.08816 1.0104e-26)             (65.9952 1.82487 0)             (135.222 -0.0741321 -1.46673e-28)             (23.3018 5.5241 1.35462e-26)             (65.7499 -1.81809 0)
         1734             (132.316 0.00539202 2.62103e-28)             (73.8515 -5.08924 1.01029e-26)             (65.9946 1.82484 0)             (135.222 -0.0741423 -1.46673e-28)             (23.302 5.52484 1.35462e-26)             (65.7506 -1.81812 0)
         1735             (132.316 0.00539202 2.62103e-28)             (73.8515 -5.08977 1.01015e-26)             (65.9942 1.82484 0)             (135.222 -0.0741525 -1.46672e-28)             (23.3022 5.52522 1.35462e-26)             (65.7509 -1.81812 0)
         1736             (132.316 0.00539202 2.62103e-28)             (73.852 -5.08961 1.01021e-26)             (65.9942 1.82487 0)             (135.222 -0.0741628 -1.46672e-28)             (23.3025 5.52532 1.35462e-26)             (65.7509 -1.81811 0)
         1737             (132.316 0.00539202 2.62103e-28)             (73.8521 -5.08908 1.01036e-26)             (65.9944 1.82489 0)             (135.222 -0.0741731 -1.46672e-28)             (23.3026 5.52525 1.35462e-26)             (65.7507 -1.81809 0)
         1738             (132.316 0.00539202 2.62103e-28)             (73.8517 -5.0886 1.0104e-26)             (65.9947 1.8249 0)             (135.222 -0.0741834 -1.46671e-28)             (23.3027 5.52517 1.35462e-26)             (65.7504 -1.81808 0)
